200
1212
-213
0
123 
213
123
21445
241
53251
235124
3511223
51
-123
0
0
0
2143
521315
922
23
42
14
24
532
123
5
3212
4521
2
531
1
9559
213
-222
-42
-235
31
12
4
2
1
5
982
5231
8923
2
3
1
0
-223
-999
241
42
54
2
15
6
75
2
5
1
-35
-352
-1
243
43
34
1
4
35
1
53
1
5
353
34
641
52
26
2
26
26
255
-555
-55
-21
421
241
531
53
64
2
53
35
15
35
32
253
1
3352
12
4
2
422
241
532
325
12532
235
32
124
231
532
2
1
5
982
5231
8923
52
26
2
26
26
255
26
26
255
-555
-55
-21
421
241
531
53
64
2
53
35
15
35
53251
235124
3511223
51
-123
0
0
0
124124
231
23523
124
23124
532
214
352
12532432
123213
532
-232
24
24
12
1212
-213
0
123 
213
123
21445
241
4125
5322
352
-231
241
23
493
124
-251
421
-124
241
152
214
213
-241
-231
-421
22
425
23
213
42
123
42
123
4
5
